# x1 x2 x3 x4
# 201 4
# 201 4
 0.00000000e+00  0.00000000e+00  0.00000000e+00  0.00000000e+00
 1.00000000e-01  0.00000000e+00  0.00000000e+00  0.00000000e+00
 2.00000000e-01  0.00000000e+00  0.00000000e+00  0.00000000e+00
 3.00000000e-01  0.00000000e+00  0.00000000e+00  0.00000000e+00
 4.00000000e-01  0.00000000e+00  0.00000000e+00  0.00000000e+00
 5.00000000e-01  0.00000000e+00  0.00000000e+00  0.00000000e+00
 6.00000000e-01  0.00000000e+00  0.00000000e+00  0.00000000e+00
 7.00000000e-01  0.00000000e+00  0.00000000e+00  0.00000000e+00
 8.00000000e-01  0.00000000e+00  0.00000000e+00  0.00000000e+00
 9.00000000e-01  0.00000000e+00  0.00000000e+00  0.00000000e+00
 1.00000000e+00  0.00000000e+00  0.00000000e+00  0.00000000e+00
 1.10000000e+00  0.00000000e+00  0.00000000e+00  0.00000000e+00
 1.20000000e+00  0.00000000e+00  0.00000000e+00  0.00000000e+00
 1.30000000e+00  0.00000000e+00  0.00000000e+00  0.00000000e+00
 1.40000000e+00  0.00000000e+00  0.00000000e+00  0.00000000e+00
 1.50000000e+00  0.00000000e+00  0.00000000e+00  0.00000000e+00
 1.60000000e+00  0.00000000e+00  0.00000000e+00  0.00000000e+00
 1.70000000e+00  0.00000000e+00  0.00000000e+00  0.00000000e+00
 1.80000000e+00  0.00000000e+00  0.00000000e+00  0.00000000e+00
 1.90000000e+00  0.00000000e+00  0.00000000e+00  0.00000000e+00
 2.00000000e+00  0.00000000e+00  0.00000000e+00  0.00000000e+00
 2.10000000e+00  0.00000000e+00  0.00000000e+00  0.00000000e+00
 2.20000000e+00  0.00000000e+00  0.00000000e+00  0.00000000e+00
 2.30000000e+00  0.00000000e+00  0.00000000e+00  0.00000000e+00
 2.40000000e+00  0.00000000e+00  0.00000000e+00  0.00000000e+00
 2.50000000e+00  0.00000000e+00  0.00000000e+00  0.00000000e+00
 2.60000000e+00  0.00000000e+00  0.00000000e+00  0.00000000e+00
 2.70000000e+00  0.00000000e+00  0.00000000e+00  0.00000000e+00
 2.80000000e+00  0.00000000e+00  0.00000000e+00  0.00000000e+00
 2.90000000e+00  0.00000000e+00  0.00000000e+00  0.00000000e+00
 3.00000000e+00  0.00000000e+00  0.00000000e+00  0.00000000e+00
 3.10000000e+00  0.00000000e+00  0.00000000e+00  0.00000000e+00
 3.20000000e+00  0.00000000e+00  0.00000000e+00  0.00000000e+00
 3.30000000e+00  0.00000000e+00  0.00000000e+00  0.00000000e+00
 3.40000000e+00  0.00000000e+00  0.00000000e+00  0.00000000e+00
 3.50000000e+00  0.00000000e+00  0.00000000e+00  0.00000000e+00
 3.60000000e+00  0.00000000e+00  0.00000000e+00  0.00000000e+00
 3.70000000e+00  0.00000000e+00  0.00000000e+00  0.00000000e+00
 3.80000000e+00  0.00000000e+00  0.00000000e+00  0.00000000e+00
 3.90000000e+00  0.00000000e+00  0.00000000e+00  0.00000000e+00
 4.00000000e+00  0.00000000e+00  0.00000000e+00  0.00000000e+00
 4.10000000e+00  0.00000000e+00  0.00000000e+00  0.00000000e+00
 4.20000000e+00  0.00000000e+00  0.00000000e+00  0.00000000e+00
 4.30000000e+00  0.00000000e+00  0.00000000e+00  0.00000000e+00
 4.40000000e+00  0.00000000e+00  0.00000000e+00  0.00000000e+00
 4.50000000e+00  0.00000000e+00  0.00000000e+00  0.00000000e+00
 4.60000000e+00  0.00000000e+00  0.00000000e+00  0.00000000e+00
 4.70000000e+00  0.00000000e+00  0.00000000e+00  0.00000000e+00
 4.80000000e+00  0.00000000e+00  0.00000000e+00  0.00000000e+00
 4.90000000e+00  0.00000000e+00  0.00000000e+00  0.00000000e+00
 5.00000000e+00  0.00000000e+00  0.00000000e+00  0.00000000e+00
 5.10000000e+00  0.00000000e+00  0.00000000e+00  0.00000000e+00
 5.20000000e+00  0.00000000e+00  0.00000000e+00  0.00000000e+00
 5.30000000e+00  0.00000000e+00  0.00000000e+00  0.00000000e+00
 5.40000000e+00  0.00000000e+00  0.00000000e+00  0.00000000e+00
 5.50000000e+00  0.00000000e+00  0.00000000e+00  0.00000000e+00
 5.60000000e+00  0.00000000e+00  0.00000000e+00  0.00000000e+00
 5.70000000e+00  0.00000000e+00  0.00000000e+00  0.00000000e+00
 5.80000000e+00  0.00000000e+00  0.00000000e+00  0.00000000e+00
 5.90000000e+00  0.00000000e+00  0.00000000e+00  0.00000000e+00
 6.00000000e+00  0.00000000e+00  0.00000000e+00  0.00000000e+00
 6.10000000e+00  0.00000000e+00  0.00000000e+00  0.00000000e+00
 6.20000000e+00  0.00000000e+00  0.00000000e+00  0.00000000e+00
 6.30000000e+00  0.00000000e+00  0.00000000e+00  0.00000000e+00
 6.40000000e+00  0.00000000e+00  0.00000000e+00  0.00000000e+00
 6.50000000e+00  1.17080725e+03  8.61330000e+06  1.36861000e-26
 6.60000000e+00  1.37781312e+03  8.44682000e+06  1.64233200e-26
 6.70000000e+00  1.57576713e+03  8.28034000e+06  1.91605400e-26
 6.80000000e+00  1.76466927e+03  8.11386000e+06  2.18977600e-26
 6.90000000e+00  1.94451956e+03  7.94738000e+06  2.46349800e-26
 7.00000000e+00  2.11531798e+03  7.78090000e+06  2.73722000e-26
 7.10000000e+00  2.18617578e+03  7.63457000e+06  2.88313100e-26
 7.20000000e+00  2.25279240e+03  7.48824000e+06  3.02904200e-26
 7.30000000e+00  2.31516783e+03  7.34191000e+06  3.17495300e-26
 7.40000000e+00  2.37330207e+03  7.19558000e+06  3.32086400e-26
 7.50000000e+00  2.42719512e+03  7.04925000e+06  3.46677500e-26
 7.60000000e+00  2.48699777e+03  6.93121000e+06  3.61268600e-26
 7.70000000e+00  2.54337917e+03  6.81317000e+06  3.75859700e-26
 7.80000000e+00  2.59633934e+03  6.69513000e+06  3.90450800e-26
 7.90000000e+00  2.64587826e+03  6.57709000e+06  4.05041900e-26
 8.00000000e+00  2.69199595e+03  6.45905000e+06  4.19633000e-26
 8.10000000e+00  2.81745609e+03  6.37062000e+06  4.45286300e-26
 8.20000000e+00  2.93841004e+03  6.28219000e+06  4.70939600e-26
 8.30000000e+00  3.05485781e+03  6.19376000e+06  4.96592900e-26
 8.40000000e+00  3.16679940e+03  6.10533000e+06  5.22246200e-26
 8.50000000e+00  3.27423480e+03  6.01690000e+06  5.47899500e-26
 8.60000000e+00  3.37877613e+03  5.93130000e+06  5.73552800e-26
 8.70000000e+00  3.47895548e+03  5.84570000e+06  5.99206100e-26
 8.80000000e+00  3.57477286e+03  5.76010000e+06  6.24859400e-26
 8.90000000e+00  3.66622827e+03  5.67450000e+06  6.50512700e-26
 9.00000000e+00  3.75332170e+03  5.58890000e+06  6.76166000e-26
 9.10000000e+00  3.96782352e+03  5.51515000e+06  7.24367400e-26
 9.20000000e+00  4.17526399e+03  5.44140000e+06  7.72568800e-26
 9.30000000e+00  4.37564310e+03  5.36765000e+06  8.20770200e-26
 9.40000000e+00  4.56896087e+03  5.29390000e+06  8.68971600e-26
 9.50000000e+00  4.75521728e+03  5.22015000e+06  9.17173000e-26
 9.60000000e+00  4.93790240e+03  5.15004000e+06  9.65374400e-26
 9.70000000e+00  5.11387470e+03  5.07993000e+06  1.01357580e-25
 9.80000000e+00  5.28313416e+03  5.00982000e+06  1.06177720e-25
 9.90000000e+00  5.44568079e+03  4.93971000e+06  1.10997860e-25
 1.00000000e+01  5.60151459e+03  4.86960000e+06  1.15818000e-25
 1.01000000e+01  5.98568526e+03  4.81192000e+06  1.25244700e-25
 1.02000000e+01  6.35905525e+03  4.75424000e+06  1.34671400e-25
 1.03000000e+01  6.72162457e+03  4.69656000e+06  1.44098100e-25
 1.04000000e+01  7.07339320e+03  4.63888000e+06  1.53524800e-25
 1.05000000e+01  7.41436115e+03  4.58120000e+06  1.62951500e-25
 1.06000000e+01  7.74687395e+03  4.52489000e+06  1.72378200e-25
 1.07000000e+01  8.06884260e+03  4.46858000e+06  1.81804900e-25
 1.08000000e+01  8.38026710e+03  4.41227000e+06  1.91231600e-25
 1.09000000e+01  8.68114746e+03  4.35596000e+06  2.00658300e-25
 1.10000000e+01  8.97148368e+03  4.29965000e+06  2.10085000e-25
 1.11000000e+01  9.08663292e+03  4.23539000e+06  2.16009800e-25
 1.12000000e+01  9.19421938e+03  4.17113000e+06  2.21934600e-25
 1.13000000e+01  9.29424309e+03  4.10687000e+06  2.27859400e-25
 1.14000000e+01  9.38670403e+03  4.04261000e+06  2.33784200e-25
 1.15000000e+01  9.47160221e+03  3.97835000e+06  2.39709000e-25
 1.16000000e+01  9.58989904e+03  3.93088000e+06  2.45633800e-25
 1.17000000e+01  9.70260912e+03  3.88341000e+06  2.51558600e-25
 1.18000000e+01  9.80973245e+03  3.83594000e+06  2.57483400e-25
 1.19000000e+01  9.91126904e+03  3.78847000e+06  2.63408200e-25
 1.20000000e+01  1.00072189e+04  3.74100000e+06  2.69333000e-25
 1.21000000e+01  9.63479885e+03  3.70079000e+06  2.62127200e-25
 1.22000000e+01  9.26813432e+03  3.66058000e+06  2.54921400e-25
 1.23000000e+01  8.90722528e+03  3.62037000e+06  2.47715600e-25
 1.24000000e+01  8.55207174e+03  3.58016000e+06  2.40509800e-25
 1.25000000e+01  8.20267368e+03  3.53995000e+06  2.33304000e-25
 1.26000000e+01  7.85195746e+03  3.49659000e+06  2.26098200e-25
 1.27000000e+01  7.50744761e+03  3.45323000e+06  2.18892400e-25
 1.28000000e+01  7.16914413e+03  3.40987000e+06  2.11686600e-25
 1.29000000e+01  6.83704702e+03  3.36651000e+06  2.04480800e-25
 1.30000000e+01  6.51115627e+03  3.32315000e+06  1.97275000e-25
 1.31000000e+01  6.14269918e+03  3.29243000e+06  1.87848000e-25
 1.32000000e+01  5.77999465e+03  3.26171000e+06  1.78421000e-25
 1.33000000e+01  5.42304267e+03  3.23099000e+06  1.68994000e-25
 1.34000000e+01  5.07184324e+03  3.20027000e+06  1.59567000e-25
 1.35000000e+01  4.72639638e+03  3.16955000e+06  1.50140000e-25
 1.36000000e+01  4.38318021e+03  3.13631000e+06  1.40713000e-25
 1.37000000e+01  4.04618850e+03  3.10307000e+06  1.31286000e-25
 1.38000000e+01  3.71542123e+03  3.06983000e+06  1.21859000e-25
 1.39000000e+01  3.39087840e+03  3.03659000e+06  1.12432000e-25
 1.40000000e+01  3.07256002e+03  3.00335000e+06  1.03005000e-25
 1.41000000e+01  2.87445272e+03  2.96939000e+06  9.74657000e-26
 1.42000000e+01  2.68008213e+03  2.93543000e+06  9.19264000e-26
 1.43000000e+01  2.48944824e+03  2.90147000e+06  8.63871000e-26
 1.44000000e+01  2.30255106e+03  2.86751000e+06  8.08478000e-26
 1.45000000e+01  2.11939058e+03  2.83355000e+06  7.53085000e-26
 1.46000000e+01  1.94629341e+03  2.80872000e+06  6.97692000e-26
 1.47000000e+01  1.77592834e+03  2.78389000e+06  6.42299000e-26
 1.48000000e+01  1.60829539e+03  2.75906000e+06  5.86906000e-26
 1.49000000e+01  1.44339454e+03  2.73423000e+06  5.31513000e-26
 1.50000000e+01  1.28122579e+03  2.70940000e+06  4.76120000e-26
 1.51000000e+01  1.19908165e+03  2.67913000e+06  4.50628700e-26
 1.52000000e+01  1.11847026e+03  2.64886000e+06  4.25137400e-26
 1.53000000e+01  1.03939161e+03  2.61859000e+06  3.99646100e-26
 1.54000000e+01  9.61845708e+02  2.58832000e+06  3.74154800e-26
 1.55000000e+01  8.85832554e+02  2.55805000e+06  3.48663500e-26
 1.56000000e+01  8.12443460e+02  2.53118000e+06  3.23172200e-26
 1.57000000e+01  7.40414951e+02  2.50431000e+06  2.97680900e-26
 1.58000000e+01  6.69747027e+02  2.47744000e+06  2.72189600e-26
 1.59000000e+01  6.00439689e+02  2.45057000e+06  2.46698300e-26
 1.60000000e+01  5.32492936e+02  2.42370000e+06  2.21207000e-26
 1.61000000e+01  5.03102686e+02  2.40155000e+06  2.10925400e-26
 1.62000000e+01  4.74164814e+02  2.37940000e+06  2.00643800e-26
 1.63000000e+01  4.45679319e+02  2.35725000e+06  1.90362200e-26
 1.64000000e+01  4.17646201e+02  2.33510000e+06  1.80080600e-26
 1.65000000e+01  3.90065459e+02  2.31295000e+06  1.69799000e-26
 1.66000000e+01  3.63374369e+02  2.29356000e+06  1.59517400e-26
 1.67000000e+01  3.37079287e+02  2.27417000e+06  1.49235800e-26
 1.68000000e+01  3.11180213e+02  2.25478000e+06  1.38954200e-26
 1.69000000e+01  2.85677149e+02  2.23539000e+06  1.28672600e-26
 1.70000000e+01  2.60570092e+02  2.21600000e+06  1.18391000e-26
 1.71000000e+01  2.47763281e+02  2.19326000e+06  1.13739340e-26
 1.72000000e+01  2.35166589e+02  2.17052000e+06  1.09087680e-26
 1.73000000e+01  2.22780015e+02  2.14778000e+06  1.04436020e-26
 1.74000000e+01  2.10603560e+02  2.12504000e+06  9.97843600e-27
 1.75000000e+01  1.98637223e+02  2.10230000e+06  9.51327000e-27
 1.76000000e+01  1.87151501e+02  2.08257000e+06  9.04810400e-27
 1.77000000e+01  1.75848084e+02  2.06284000e+06  8.58293800e-27
 1.78000000e+01  1.64726974e+02  2.04311000e+06  8.11777200e-27
 1.79000000e+01  1.53788170e+02  2.02338000e+06  7.65260600e-27
 1.80000000e+01  1.43031672e+02  2.00365000e+06  7.18744000e-27
 1.81000000e+01  1.37836221e+02  1.99621000e+06  6.95218000e-27
 1.82000000e+01  1.32675538e+02  1.98877000e+06  6.71692000e-27
 1.83000000e+01  1.27549624e+02  1.98133000e+06  6.48166000e-27
 1.84000000e+01  1.22458479e+02  1.97389000e+06  6.24640000e-27
 1.85000000e+01  1.17402102e+02  1.96645000e+06  6.01114000e-27
 1.86000000e+01  1.11804540e+02  1.94897000e+06  5.77588000e-27
 1.87000000e+01  1.06288665e+02  1.93149000e+06  5.54062000e-27
 1.88000000e+01  1.00854477e+02  1.91401000e+06  5.30536000e-27
 1.89000000e+01  9.55019774e+01  1.89653000e+06  5.07010000e-27
 1.90000000e+01  9.02311650e+01  1.87905000e+06  4.83484000e-27
 1.91000000e+01  8.64853068e+01  1.85212000e+06  4.70150700e-27
 1.92000000e+01  8.28107733e+01  1.82519000e+06  4.56817400e-27
 1.93000000e+01  7.92075646e+01  1.79826000e+06  4.43484100e-27
 1.94000000e+01  7.56756805e+01  1.77133000e+06  4.30150800e-27
 1.95000000e+01  7.22151212e+01  1.74440000e+06  4.16817500e-27
 1.96000000e+01  6.94121692e+01  1.73210000e+06  4.03484200e-27
 1.97000000e+01  6.66417940e+01  1.71980000e+06  3.90150900e-27
 1.98000000e+01  6.39039956e+01  1.70750000e+06  3.76817600e-27
 1.99000000e+01  6.11987741e+01  1.69520000e+06  3.63484300e-27
 2.00000000e+01  5.85261294e+01  1.68290000e+06  3.50151000e-27
