# x1 x2 x3 x4
# 501 4
# 501 4
 0.00000000e+00  0.00000000e+00  0.00000000e+00  0.00000000e+00
 1.00000000e-01  0.00000000e+00  0.00000000e+00  0.00000000e+00
 2.00000000e-01  0.00000000e+00  0.00000000e+00  0.00000000e+00
 3.00000000e-01  0.00000000e+00  0.00000000e+00  0.00000000e+00
 4.00000000e-01  0.00000000e+00  0.00000000e+00  0.00000000e+00
 5.00000000e-01  0.00000000e+00  0.00000000e+00  0.00000000e+00
 6.00000000e-01  0.00000000e+00  0.00000000e+00  0.00000000e+00
 7.00000000e-01  0.00000000e+00  0.00000000e+00  0.00000000e+00
 8.00000000e-01  0.00000000e+00  0.00000000e+00  0.00000000e+00
 9.00000000e-01  0.00000000e+00  0.00000000e+00  0.00000000e+00
 1.00000000e+00  0.00000000e+00  0.00000000e+00  0.00000000e+00
 1.10000000e+00  0.00000000e+00  0.00000000e+00  0.00000000e+00
 1.20000000e+00  0.00000000e+00  0.00000000e+00  0.00000000e+00
 1.30000000e+00  0.00000000e+00  0.00000000e+00  0.00000000e+00
 1.40000000e+00  0.00000000e+00  0.00000000e+00  0.00000000e+00
 1.50000000e+00  0.00000000e+00  0.00000000e+00  0.00000000e+00
 1.60000000e+00  0.00000000e+00  0.00000000e+00  0.00000000e+00
 1.70000000e+00  0.00000000e+00  0.00000000e+00  0.00000000e+00
 1.80000000e+00  0.00000000e+00  0.00000000e+00  0.00000000e+00
 1.90000000e+00  0.00000000e+00  0.00000000e+00  0.00000000e+00
 2.00000000e+00  0.00000000e+00  0.00000000e+00  0.00000000e+00
 2.10000000e+00  0.00000000e+00  0.00000000e+00  0.00000000e+00
 2.20000000e+00  0.00000000e+00  0.00000000e+00  0.00000000e+00
 2.30000000e+00  0.00000000e+00  0.00000000e+00  0.00000000e+00
 2.40000000e+00  0.00000000e+00  0.00000000e+00  0.00000000e+00
 2.50000000e+00  0.00000000e+00  0.00000000e+00  0.00000000e+00
 2.60000000e+00  0.00000000e+00  0.00000000e+00  0.00000000e+00
 2.70000000e+00  0.00000000e+00  0.00000000e+00  0.00000000e+00
 2.80000000e+00  0.00000000e+00  0.00000000e+00  0.00000000e+00
 2.90000000e+00  0.00000000e+00  0.00000000e+00  0.00000000e+00
 3.00000000e+00  0.00000000e+00  0.00000000e+00  0.00000000e+00
 3.10000000e+00  0.00000000e+00  0.00000000e+00  0.00000000e+00
 3.20000000e+00  0.00000000e+00  0.00000000e+00  0.00000000e+00
 3.30000000e+00  0.00000000e+00  0.00000000e+00  0.00000000e+00
 3.40000000e+00  0.00000000e+00  0.00000000e+00  0.00000000e+00
 3.50000000e+00  0.00000000e+00  0.00000000e+00  0.00000000e+00
 3.60000000e+00  0.00000000e+00  0.00000000e+00  0.00000000e+00
 3.70000000e+00  0.00000000e+00  0.00000000e+00  0.00000000e+00
 3.80000000e+00  0.00000000e+00  0.00000000e+00  0.00000000e+00
 3.90000000e+00  0.00000000e+00  0.00000000e+00  0.00000000e+00
 4.00000000e+00  0.00000000e+00  0.00000000e+00  0.00000000e+00
 4.10000000e+00  0.00000000e+00  0.00000000e+00  0.00000000e+00
 4.20000000e+00  0.00000000e+00  0.00000000e+00  0.00000000e+00
 4.30000000e+00  0.00000000e+00  0.00000000e+00  0.00000000e+00
 4.40000000e+00  0.00000000e+00  0.00000000e+00  0.00000000e+00
 4.50000000e+00  0.00000000e+00  0.00000000e+00  0.00000000e+00
 4.60000000e+00  0.00000000e+00  0.00000000e+00  0.00000000e+00
 4.70000000e+00  0.00000000e+00  0.00000000e+00  0.00000000e+00
 4.80000000e+00  0.00000000e+00  0.00000000e+00  0.00000000e+00
 4.90000000e+00  0.00000000e+00  0.00000000e+00  0.00000000e+00
 5.00000000e+00  0.00000000e+00  0.00000000e+00  0.00000000e+00
 5.10000000e+00  0.00000000e+00  0.00000000e+00  0.00000000e+00
 5.20000000e+00  0.00000000e+00  0.00000000e+00  0.00000000e+00
 5.30000000e+00  0.00000000e+00  0.00000000e+00  0.00000000e+00
 5.40000000e+00  0.00000000e+00  0.00000000e+00  0.00000000e+00
 5.50000000e+00  0.00000000e+00  0.00000000e+00  0.00000000e+00
 5.60000000e+00  0.00000000e+00  0.00000000e+00  0.00000000e+00
 5.70000000e+00  0.00000000e+00  0.00000000e+00  0.00000000e+00
 5.80000000e+00  0.00000000e+00  0.00000000e+00  0.00000000e+00
 5.90000000e+00  0.00000000e+00  0.00000000e+00  0.00000000e+00
 6.00000000e+00  0.00000000e+00  0.00000000e+00  0.00000000e+00
 6.10000000e+00  0.00000000e+00  0.00000000e+00  0.00000000e+00
 6.20000000e+00  0.00000000e+00  0.00000000e+00  0.00000000e+00
 6.30000000e+00  0.00000000e+00  0.00000000e+00  0.00000000e+00
 6.40000000e+00  0.00000000e+00  0.00000000e+00  0.00000000e+00
 6.50000000e+00  2.96474512e+10  2.18100000e+14  1.36866000e-26
 6.60000000e+00  3.49401125e+10  2.14196000e+14  1.64239200e-26
 6.70000000e+00  4.00204976e+10  2.10292000e+14  1.91612400e-26
 6.80000000e+00  4.49216658e+10  2.06540000e+14  2.18985600e-26
 6.90000000e+00  4.96560144e+10  2.02940000e+14  2.46358800e-26
 7.00000000e+00  5.41946164e+10  1.99340000e+14  2.73732000e-26
 7.10000000e+00  5.60524037e+10  1.95740000e+14  2.88322500e-26
 7.20000000e+00  5.78058538e+10  1.92140000e+14  3.02913000e-26
 7.30000000e+00  5.95341183e+10  1.88791000e+14  3.17503500e-26
 7.40000000e+00  6.12481089e+10  1.85693000e+14  3.32094000e-26
 7.50000000e+00  6.28723116e+10  1.82595000e+14  3.46684500e-26
 7.60000000e+00  6.44067264e+10  1.79497000e+14  3.61275000e-26
 7.70000000e+00  6.58513534e+10  1.76399000e+14  3.75865500e-26
 7.80000000e+00  6.71693515e+10  1.73206000e+14  3.90456000e-26
 7.90000000e+00  6.83565906e+10  1.69918000e+14  4.05046500e-26
 8.00000000e+00  6.94485352e+10  1.66630000e+14  4.19637000e-26
 8.10000000e+00  7.22399960e+10  1.63342000e+14  4.45290800e-26
 8.20000000e+00  7.48639048e+10  1.60054000e+14  4.70944600e-26
 8.30000000e+00  7.74928890e+10  1.57116000e+14  4.96598400e-26
 8.40000000e+00  8.01537017e+10  1.54528000e+14  5.22252200e-26
 8.50000000e+00  8.26826334e+10  1.51940000e+14  5.47906000e-26
 8.60000000e+00  8.50796842e+10  1.49352000e+14  5.73559800e-26
 8.70000000e+00  8.73448541e+10  1.46764000e+14  5.99213600e-26
 8.80000000e+00  8.98827855e+10  1.44828000e+14  6.24867400e-26
 8.90000000e+00  9.27433161e+10  1.43544000e+14  6.50521200e-26
 9.00000000e+00  9.55384159e+10  1.42260000e+14  6.76175000e-26
 9.10000000e+00  1.01425010e+11  1.40976000e+14  7.24375500e-26
 9.20000000e+00  1.07188667e+11  1.39692000e+14  7.72576000e-26
 9.30000000e+00  1.12421790e+11  1.37908000e+14  8.20776500e-26
 9.40000000e+00  1.17052570e+11  1.35624000e+14  8.68977000e-26
 9.50000000e+00  1.21464667e+11  1.33340000e+14  9.17177500e-26
 9.60000000e+00  1.25658082e+11  1.31056000e+14  9.65378000e-26
 9.70000000e+00  1.29632815e+11  1.28772000e+14  1.01357850e-25
 9.80000000e+00  1.33533340e+11  1.26625000e+14  1.06177900e-25
 9.90000000e+00  1.37379332e+11  1.24615000e+14  1.10997950e-25
 1.00000000e+01  1.41032877e+11  1.22605000e+14  1.15818000e-25
 1.01000000e+01  1.50011698e+11  1.20595000e+14  1.25244800e-25
 1.02000000e+01  1.58614140e+11  1.18585000e+14  1.34671600e-25
 1.03000000e+01  1.67582985e+11  1.17094000e+14  1.44098400e-25
 1.04000000e+01  1.77064012e+11  1.16122000e+14  1.53525200e-25
 1.05000000e+01  1.86363029e+11  1.15150000e+14  1.62952000e-25
 1.06000000e+01  1.95480034e+11  1.14178000e+14  1.72378800e-25
 1.07000000e+01  2.04415029e+11  1.13206000e+14  1.81805600e-25
 1.08000000e+01  2.12347509e+11  1.11802000e+14  1.91232400e-25
 1.09000000e+01  2.19156132e+11  1.09966000e+14  2.00659200e-25
 1.10000000e+01  2.25620957e+11  1.08130000e+14  2.10086000e-25
 1.11000000e+01  2.28040030e+11  1.06294000e+14  2.16006200e-25
 1.12000000e+01  2.30243192e+11  1.04458000e+14  2.21926400e-25
 1.13000000e+01  2.33310783e+11  1.03099400e+14  2.27846600e-25
 1.14000000e+01  2.37327018e+11  1.02218200e+14  2.33766800e-25
 1.15000000e+01  2.41239625e+11  1.01337000e+14  2.39687000e-25
 1.16000000e+01  2.45048604e+11  1.00455800e+14  2.45607200e-25
 1.17000000e+01  2.48753955e+11  9.95746000e+13  2.51527400e-25
 1.18000000e+01  2.51233937e+11  9.82547000e+13  2.57447600e-25
 1.19000000e+01  2.52411164e+11  9.64961000e+13  2.63367800e-25
 1.20000000e+01  2.53381582e+11  9.47375000e+13  2.69288000e-25
 1.21000000e+01  2.42027573e+11  9.29789000e+13  2.62086300e-25
 1.22000000e+01  2.30925139e+11  9.12203000e+13  2.54884600e-25
 1.23000000e+01  2.20953971e+11  8.98193000e+13  2.47682900e-25
 1.24000000e+01  2.12037335e+11  8.87759000e+13  2.40481200e-25
 1.25000000e+01  2.03269961e+11  8.77325000e+13  2.33279500e-25
 1.26000000e+01  1.94651849e+11  8.66891000e+13  2.26077800e-25
 1.27000000e+01  1.86183001e+11  8.56457000e+13  2.18876100e-25
 1.28000000e+01  1.77860263e+11  8.46008000e+13  2.11674400e-25
 1.29000000e+01  1.69683955e+11  8.35544000e+13  2.04472700e-25
 1.30000000e+01  1.61657340e+11  8.25080000e+13  1.97271000e-25
 1.31000000e+01  1.51982165e+11  8.14616000e+13  1.87846700e-25
 1.32000000e+01  1.42502881e+11  8.04152000e+13  1.78422400e-25
 1.33000000e+01  1.33082859e+11  7.92874000e+13  1.68998100e-25
 1.34000000e+01  1.23744955e+11  7.80782000e+13  1.59573800e-25
 1.35000000e+01  1.14633418e+11  7.68690000e+13  1.50149500e-25
 1.36000000e+01  1.05748249e+11  7.56598000e+13  1.40725200e-25
 1.37000000e+01  9.70894469e+10  7.44506000e+13  1.31300900e-25
 1.38000000e+01  8.92998960e+10  7.37725000e+13  1.21876600e-25
 1.39000000e+01  8.22304604e+10  7.36255000e+13  1.12452300e-25
 1.40000000e+01  7.51885437e+10  7.34785000e+13  1.03028000e-25
 1.41000000e+01  7.10030865e+10  7.33315000e+13  9.74878600e-26
 1.42000000e+01  6.68338065e+10  7.31845000e+13  9.19477200e-26
 1.43000000e+01  6.23801624e+10  7.26873000e+13  8.64075800e-26
 1.44000000e+01  5.76999632e+10  7.18399000e+13  8.08674400e-26
 1.45000000e+01  5.31130196e+10  7.09925000e+13  7.53273000e-26
 1.46000000e+01  4.86193318e+10  7.01451000e+13  6.97871600e-26
 1.47000000e+01  4.42188996e+10  6.92977000e+13  6.42470200e-26
 1.48000000e+01  4.01261784e+10  6.88181000e+13  5.87068800e-26
 1.49000000e+01  3.62804542e+10  6.87063000e+13  5.31667400e-26
 1.50000000e+01  3.24470334e+10  6.85945000e+13  4.76266000e-26
 1.51000000e+01  3.06597990e+10  6.84827000e+13  4.50767200e-26
 1.52000000e+01  2.88782274e+10  6.83709000e+13  4.25268400e-26
 1.53000000e+01  2.68896979e+10  6.77236000e+13  3.99769600e-26
 1.54000000e+01  2.47348958e+10  6.65408000e+13  3.74270800e-26
 1.55000000e+01  2.26400034e+10  6.53580000e+13  3.48772000e-26
 1.56000000e+01  2.06050207e+10  6.41752000e+13  3.23273200e-26
 1.57000000e+01  1.86299477e+10  6.29924000e+13  2.97774400e-26
 1.58000000e+01  1.68631389e+10  6.23582000e+13  2.72275600e-26
 1.59000000e+01  1.52629137e+10  6.22726000e+13  2.46776800e-26
 1.60000000e+01  1.36670243e+10  6.21870000e+13  2.21278000e-26
 1.61000000e+01  1.30138306e+10  6.21014000e+13  2.10992800e-26
 1.62000000e+01  1.23623857e+10  6.20158000e+13  2.00707600e-26
 1.63000000e+01  1.16509019e+10  6.16035000e+13  1.90422400e-26
 1.64000000e+01  1.08893909e+10  6.08645000e+13  1.80137200e-26
 1.65000000e+01  1.01429781e+10  6.01255000e+13  1.69852000e-26
 1.66000000e+01  9.41166343e+09  5.93865000e+13  1.59566800e-26
 1.67000000e+01  8.69544689e+09  5.86475000e+13  1.49281600e-26
 1.68000000e+01  7.99823534e+09  5.79368000e+13  1.38996400e-26
 1.69000000e+01  7.31916148e+09  5.72544000e+13  1.28711200e-26
 1.70000000e+01  6.65402940e+09  5.65720000e+13  1.18426000e-26
 1.71000000e+01  6.31546734e+09  5.58896000e+13  1.13772780e-26
 1.72000000e+01  5.98321280e+09  5.52072000e+13  1.09119560e-26
 1.73000000e+01  5.66062747e+09  5.45572000e+13  1.04466340e-26
 1.74000000e+01  5.34726213e+09  5.39396000e+13  9.98131200e-27
 1.75000000e+01  5.03960536e+09  5.33220000e+13  9.51599000e-27
 1.76000000e+01  4.73765716e+09  5.27044000e+13  9.05066800e-27
 1.77000000e+01  4.44141752e+09  5.20868000e+13  8.58534600e-27
 1.78000000e+01  4.14735407e+09  5.14254000e+13  8.12002400e-27
 1.79000000e+01  3.85607407e+09  5.07202000e+13  7.65470200e-27
 1.80000000e+01  3.57131234e+09  5.00150000e+13  7.18938000e-27
 1.81000000e+01  3.40570614e+09  4.93098000e+13  6.95405000e-27
 1.82000000e+01  3.24339646e+09  4.86046000e+13  6.71872000e-27
 1.83000000e+01  3.11558811e+09  4.83840000e+13  6.48339000e-27
 1.84000000e+01  3.01888315e+09  4.86480000e+13  6.24806000e-27
 1.85000000e+01  2.92094410e+09  4.89120000e+13  6.01273000e-27
 1.86000000e+01  2.82177096e+09  4.91760000e+13  5.77740000e-27
 1.87000000e+01  2.72136372e+09  4.94400000e+13  5.54207000e-27
 1.88000000e+01  2.59581474e+09  4.92504000e+13  5.30674000e-27
 1.89000000e+01  2.44830460e+09  4.86072000e+13  5.07141000e-27
 1.90000000e+01  2.30380116e+09  4.79640000e+13  4.83608000e-27
 1.91000000e+01  2.21022361e+09  4.73208000e+13  4.70270800e-27
 1.92000000e+01  2.11835008e+09  4.66776000e+13  4.56933600e-27
 1.93000000e+01  2.02841850e+09  4.60398000e+13  4.43596400e-27
 1.94000000e+01  1.94040740e+09  4.54074000e+13  4.30259200e-27
 1.95000000e+01  1.85407172e+09  4.47750000e+13  4.16922000e-27
 1.96000000e+01  1.76941145e+09  4.41426000e+13  4.03584800e-27
 1.97000000e+01  1.68642659e+09  4.35102000e+13  3.90247600e-27
 1.98000000e+01  1.61531062e+09  4.31501000e+13  3.76910400e-27
 1.99000000e+01  1.55498143e+09  4.30623000e+13  3.63573200e-27
 2.00000000e+01  1.49488484e+09  4.29745000e+13  3.50236000e-27
 2.01000000e+01  1.46163977e+09  4.28867000e+13  3.43148100e-27
 2.02000000e+01  1.42851831e+09  4.27989000e+13  3.36060200e-27
 2.03000000e+01  1.38604842e+09  4.24212000e+13  3.28972300e-27
 2.04000000e+01  1.33484235e+09  4.17536000e+13  3.21884400e-27
 2.05000000e+01  1.28457622e+09  4.10860000e+13  3.14796500e-27
 2.06000000e+01  1.23525003e+09  4.04184000e+13  3.07708600e-27
 2.07000000e+01  1.18686378e+09  3.97508000e+13  3.00620700e-27
 2.08000000e+01  1.15160078e+09  3.95011000e+13  2.93532800e-27
 2.09000000e+01  1.12857845e+09  3.96693000e+13  2.86444900e-27
 2.10000000e+01  1.10531931e+09  3.98375000e+13  2.79357000e-27
 2.11000000e+01  1.08182335e+09  4.00057000e+13  2.72269100e-27
 2.12000000e+01  1.05809058e+09  4.01739000e+13  2.65181200e-27
 2.13000000e+01  1.02985809e+09  4.01758000e+13  2.58093300e-27
 2.14000000e+01  9.97477101e+08  4.00114000e+13  2.51005400e-27
 2.15000000e+01  9.65327574e+08  3.98470000e+13  2.43917500e-27
 2.16000000e+01  9.33409513e+08  3.96826000e+13  2.36829600e-27
 2.17000000e+01  9.01722917e+08  3.95182000e+13  2.29741700e-27
 2.18000000e+01  8.66899832e+08  3.92015000e+13  2.22653800e-27
 2.19000000e+01  8.29261901e+08  3.87325000e+13  2.15565900e-27
 2.20000000e+01  7.92284294e+08  3.82635000e+13  2.08478000e-27
 2.21000000e+01  7.69623509e+08  3.77945000e+13  2.05028200e-27
 2.22000000e+01  7.47284114e+08  3.73255000e+13  2.01578400e-27
 2.23000000e+01  7.26738031e+08  3.69313000e+13  1.98128600e-27
 2.24000000e+01  7.07908375e+08  3.66119000e+13  1.94678800e-27
 2.25000000e+01  6.89297592e+08  3.62925000e+13  1.91229000e-27
 2.26000000e+01  6.70905684e+08  3.59731000e+13  1.87779200e-27
 2.27000000e+01  6.52732651e+08  3.56537000e+13  1.84329400e-27
 2.28000000e+01  6.37791212e+08  3.55020000e+13  1.80879600e-27
 2.29000000e+01  6.25908988e+08  3.55180000e+13  1.77429800e-27
 2.30000000e+01  6.14015800e+08  3.55340000e+13  1.73980000e-27
 2.31000000e+01  6.02111647e+08  3.55500000e+13  1.70530200e-27
 2.32000000e+01  5.90196531e+08  3.55660000e+13  1.67080400e-27
 2.33000000e+01  5.75728673e+08  3.54256000e+13  1.63630600e-27
 2.34000000e+01  5.58868839e+08  3.51288000e+13  1.60180800e-27
 2.35000000e+01  5.42212391e+08  3.48320000e+13  1.56731000e-27
 2.36000000e+01  5.25759331e+08  3.45352000e+13  1.53281200e-27
 2.37000000e+01  5.09509658e+08  3.42384000e+13  1.49831400e-27
 2.38000000e+01  4.90523668e+08  3.37394000e+13  1.46381600e-27
 2.39000000e+01  4.69009201e+08  3.30382000e+13  1.42931800e-27
 2.40000000e+01  4.47975244e+08  3.23370000e+13  1.39482000e-27
 2.41000000e+01  4.31932731e+08  3.16358000e+13  1.37467860e-27
 2.42000000e+01  4.16170760e+08  3.09346000e+13  1.35453720e-27
 2.43000000e+01  4.05526749e+08  3.05984000e+13  1.33439580e-27
 2.44000000e+01  3.99781650e+08  3.06272000e+13  1.31425440e-27
 2.45000000e+01  3.94025029e+08  3.06560000e+13  1.29411300e-27
 2.46000000e+01  3.88256885e+08  3.06848000e+13  1.27397160e-27
 2.47000000e+01  3.82477218e+08  3.07136000e+13  1.25383020e-27
 2.48000000e+01  3.74636106e+08  3.05751000e+13  1.23368880e-27
 2.49000000e+01  3.64833949e+08  3.02693000e+13  1.21354740e-27
 2.50000000e+01  3.55154139e+08  2.99635000e+13  1.19340600e-27
 2.51000000e+01  3.45596676e+08  2.96577000e+13  1.17326460e-27
 2.52000000e+01  3.36161560e+08  2.93519000e+13  1.15312320e-27
 2.53000000e+01  3.27975193e+08  2.91462000e+13  1.13298180e-27
 2.54000000e+01  3.20977500e+08  2.90406000e+13  1.11284040e-27
 2.55000000e+01  3.14022057e+08  2.89350000e+13  1.09269900e-27
 2.56000000e+01  3.07108863e+08  2.88294000e+13  1.07255760e-27
 2.57000000e+01  3.00237919e+08  2.87238000e+13  1.05241620e-27
 2.58000000e+01  2.91078821e+08  2.83909000e+13  1.03227480e-27
 2.59000000e+01  2.79767981e+08  2.78307000e+13  1.01213340e-27
 2.60000000e+01  2.68681270e+08  2.72705000e+13  9.91992000e-28
 2.61000000e+01  2.59765545e+08  2.67103000e+13  9.79189300e-28
 2.62000000e+01  2.50992287e+08  2.61501000e+13  9.66386600e-28
 2.63000000e+01  2.44114573e+08  2.57750000e+13  9.53583900e-28
 2.64000000e+01  2.39061794e+08  2.55850000e+13  9.40781200e-28
 2.65000000e+01  2.34057334e+08  2.53950000e+13  9.27978500e-28
 2.66000000e+01  2.29101193e+08  2.52050000e+13  9.15175800e-28
 2.67000000e+01  2.24193372e+08  2.50150000e+13  9.02373100e-28
 2.68000000e+01  2.18772835e+08  2.47615000e+13  8.89570400e-28
 2.69000000e+01  2.12863806e+08  2.44445000e+13  8.76767700e-28
 2.70000000e+01  2.07035393e+08  2.41275000e+13  8.63965000e-28
 2.71000000e+01  2.01287598e+08  2.38105000e+13  8.51162300e-28
 2.72000000e+01  1.95620419e+08  2.34935000e+13  8.38359600e-28
 2.73000000e+01  1.91723758e+08  2.33826000e+13  8.25556900e-28
 2.74000000e+01  1.89518994e+08  2.34778000e+13  8.12754200e-28
 2.75000000e+01  1.87290020e+08  2.35730000e+13  7.99951500e-28
 2.76000000e+01  1.85036834e+08  2.36682000e+13  7.87148800e-28
 2.77000000e+01  1.82759439e+08  2.37634000e+13  7.74346100e-28
 2.78000000e+01  1.79168232e+08  2.36881000e+13  7.61543400e-28
 2.79000000e+01  1.74328255e+08  2.34423000e+13  7.48740700e-28
 2.80000000e+01  1.69550788e+08  2.31965000e+13  7.35938000e-28
 2.81000000e+01  1.66039613e+08  2.29507000e+13  7.28416300e-28
 2.82000000e+01  1.62565164e+08  2.27049000e+13  7.20894600e-28
 2.83000000e+01  1.58472059e+08  2.23666000e+13  7.13372900e-28
 2.84000000e+01  1.53781027e+08  2.19358000e+13  7.05851200e-28
 2.85000000e+01  1.49154362e+08  2.15050000e+13  6.98329500e-28
 2.86000000e+01  1.44592062e+08  2.10742000e+13  6.90807800e-28
 2.87000000e+01  1.40094129e+08  2.06434000e+13  6.83286100e-28
 2.88000000e+01  1.38122407e+08  2.05794000e+13  6.75764400e-28
 2.89000000e+01  1.38594691e+08  2.08822000e+13  6.68242700e-28
 2.90000000e+01  1.39021734e+08  2.11850000e+13  6.60721000e-28
 2.91000000e+01  1.39403535e+08  2.14878000e+13  6.53199300e-28
 2.92000000e+01  1.39740094e+08  2.17906000e+13  6.45677600e-28
 2.93000000e+01  1.38391097e+08  2.18346000e+13  6.38155900e-28
 2.94000000e+01  1.35414545e+08  2.16198000e+13  6.30634200e-28
 2.95000000e+01  1.32470086e+08  2.14050000e+13  6.23112500e-28
 2.96000000e+01  1.29557721e+08  2.11902000e+13  6.15590800e-28
 2.97000000e+01  1.26677449e+08  2.09754000e+13  6.08069100e-28
 2.98000000e+01  1.24422751e+08  2.08601000e+13  6.00547400e-28
 2.99000000e+01  1.22771328e+08  2.08443000e+13  5.93025700e-28
 3.00000000e+01  1.21122265e+08  2.08285000e+13  5.85504000e-28
 3.01000000e+01  1.20214374e+08  2.08127000e+13  5.81556420e-28
 3.02000000e+01  1.19307723e+08  2.07969000e+13  5.77608840e-28
 3.03000000e+01  1.17324325e+08  2.05919000e+13  5.73661260e-28
 3.04000000e+01  1.14286435e+08  2.01977000e+13  5.69713680e-28
 3.05000000e+01  1.11279457e+08  1.98035000e+13  5.65766100e-28
 3.06000000e+01  1.08303389e+08  1.94093000e+13  5.61818520e-28
 3.07000000e+01  1.05358232e+08  1.90151000e+13  5.57870940e-28
 3.08000000e+01  1.03491483e+08  1.88113000e+13  5.53923360e-28
 3.09000000e+01  1.02680747e+08  1.87979000e+13  5.49975780e-28
 3.10000000e+01  1.01871062e+08  1.87845000e+13  5.46028200e-28
 3.11000000e+01  1.01062428e+08  1.87711000e+13  5.42080620e-28
 3.12000000e+01  1.00254844e+08  1.87577000e+13  5.38133040e-28
 3.13000000e+01  9.95894378e+07  1.87709000e+13  5.34185460e-28
 3.14000000e+01  9.90630807e+07  1.88107000e+13  5.30237880e-28
 3.15000000e+01  9.85336026e+07  1.88505000e+13  5.26290300e-28
 3.16000000e+01  9.80010036e+07  1.88903000e+13  5.22342720e-28
 3.17000000e+01  9.74652837e+07  1.89301000e+13  5.18395140e-28
 3.18000000e+01  9.59689253e+07  1.87825000e+13  5.14447560e-28
 3.19000000e+01  9.35339705e+07  1.84475000e+13  5.10499980e-28
 3.20000000e+01  9.11252846e+07  1.81125000e+13  5.06552400e-28
 3.21000000e+01  8.87428676e+07  1.77775000e+13  5.02604820e-28
 3.22000000e+01  8.63867196e+07  1.74425000e+13  4.98657240e-28
 3.23000000e+01  8.42769630e+07  1.71523000e+13  4.94709660e-28
 3.24000000e+01  8.24083283e+07  1.69069000e+13  4.90762080e-28
 3.25000000e+01  8.05589366e+07  1.66615000e+13  4.86814500e-28
 3.26000000e+01  7.87287879e+07  1.64161000e+13  4.82866920e-28
 3.27000000e+01  7.69178821e+07  1.61707000e+13  4.78919340e-28
 3.28000000e+01  7.57182546e+07  1.60508000e+13  4.74971760e-28
 3.29000000e+01  7.51151438e+07  1.60564000e+13  4.71024180e-28
 3.30000000e+01  7.45115939e+07  1.60620000e+13  4.67076600e-28
 3.31000000e+01  7.39076049e+07  1.60676000e+13  4.63129020e-28
 3.32000000e+01  7.33031768e+07  1.60732000e+13  4.59181440e-28
 3.33000000e+01  7.25346357e+07  1.60426000e+13  4.55233860e-28
 3.34000000e+01  7.16062396e+07  1.59758000e+13  4.51286280e-28
 3.35000000e+01  7.06830816e+07  1.59090000e+13  4.47338700e-28
 3.36000000e+01  6.97651616e+07  1.58422000e+13  4.43391120e-28
 3.37000000e+01  6.88524798e+07  1.57754000e+13  4.39443540e-28
 3.38000000e+01  6.77317968e+07  1.56593000e+13  4.35495960e-28
 3.39000000e+01  6.64089114e+07  1.54939000e+13  4.31548380e-28
 3.40000000e+01  6.50989958e+07  1.53285000e+13  4.27600800e-28
 3.41000000e+01  6.38020499e+07  1.51631000e+13  4.23653220e-28
 3.42000000e+01  6.25180739e+07  1.49977000e+13  4.19705640e-28
 3.43000000e+01  6.13015744e+07  1.48455000e+13  4.15758060e-28
 3.44000000e+01  6.01509989e+07  1.47065000e+13  4.11810480e-28
 3.45000000e+01  5.90113230e+07  1.45675000e+13  4.07862900e-28
 3.46000000e+01  5.78825468e+07  1.44285000e+13  4.03915320e-28
 3.47000000e+01  5.67646702e+07  1.42895000e+13  3.99967740e-28
 3.48000000e+01  5.56187539e+07  1.41406000e+13  3.96020160e-28
 3.49000000e+01  5.44459623e+07  1.39818000e+13  3.92072580e-28
 3.50000000e+01  5.32856230e+07  1.38230000e+13  3.88125000e-28
 3.51000000e+01  5.24096253e+07  1.36642000e+13  3.86180840e-28
 3.52000000e+01  5.15397603e+07  1.35054000e+13  3.84236680e-28
 3.53000000e+01  5.08472693e+07  1.33917000e+13  3.82292520e-28
 3.54000000e+01  5.03295396e+07  1.33231000e+13  3.80348360e-28
 3.55000000e+01  4.98144592e+07  1.32545000e+13  3.78404200e-28
 3.56000000e+01  4.93020280e+07  1.31859000e+13  3.76460040e-28
 3.57000000e+01  4.87922460e+07  1.31173000e+13  3.74515880e-28
 3.58000000e+01  4.78151654e+07  1.29217000e+13  3.72571720e-28
 3.59000000e+01  4.63781430e+07  1.25991000e+13  3.70627560e-28
 3.60000000e+01  4.49535790e+07  1.22765000e+13  3.68683400e-28
 3.61000000e+01  4.35414734e+07  1.19539000e+13  3.66739240e-28
 3.62000000e+01  4.21418262e+07  1.16313000e+13  3.64795080e-28
 3.63000000e+01  4.10988032e+07  1.14042000e+13  3.62850920e-28
 3.64000000e+01  4.04068723e+07  1.12726000e+13  3.60906760e-28
 3.65000000e+01  3.97200236e+07  1.11410000e+13  3.58962600e-28
 3.66000000e+01  3.90382572e+07  1.10094000e+13  3.57018440e-28
 3.67000000e+01  3.83615730e+07  1.08778000e+13  3.55074280e-28
 3.68000000e+01  3.79305706e+07  1.08148000e+13  3.53130120e-28
 3.69000000e+01  3.77412763e+07  1.08204000e+13  3.51185960e-28
 3.70000000e+01  3.75517657e+07  1.08260000e+13  3.49241800e-28
 3.71000000e+01  3.73620389e+07  1.08316000e+13  3.47297640e-28
 3.72000000e+01  3.71720957e+07  1.08372000e+13  3.45353480e-28
 3.73000000e+01  3.63402062e+07  1.06546500e+13  3.43409320e-28
 3.74000000e+01  3.48772695e+07  1.02839500e+13  3.41465160e-28
 3.75000000e+01  3.34286488e+07  9.91325000e+12  3.39521000e-28
 3.76000000e+01  3.19943440e+07  9.54255000e+12  3.37576840e-28
 3.77000000e+01  3.05743552e+07  9.17185000e+12  3.35632680e-28
 3.78000000e+01  3.01914413e+07  9.10975000e+12  3.33688520e-28
 3.79000000e+01  3.08277258e+07  9.35625000e+12  3.31744360e-28
 3.80000000e+01  3.14544908e+07  9.60275000e+12  3.29800200e-28
 3.81000000e+01  3.20717363e+07  9.84925000e+12  3.27856040e-28
 3.82000000e+01  3.26794622e+07  1.00957500e+13  3.25911880e-28
 3.83000000e+01  3.24600656e+07  1.00881500e+13  3.23967720e-28
 3.84000000e+01  3.14282658e+07  9.82645000e+12  3.22023560e-28
 3.85000000e+01  3.04065726e+07  9.56475000e+12  3.20079400e-28
 3.86000000e+01  2.93949859e+07  9.30305000e+12  3.18135240e-28
 3.87000000e+01  2.83935057e+07  9.04135000e+12  3.16191080e-28
 3.88000000e+01  2.76881181e+07  8.87128000e+12  3.14246920e-28
 3.89000000e+01  2.72735151e+07  8.79284000e+12  3.12302760e-28
 3.90000000e+01  2.68619414e+07  8.71440000e+12  3.10358600e-28
 3.91000000e+01  2.64533969e+07  8.63596000e+12  3.08414440e-28
 3.92000000e+01  2.60478816e+07  8.55752000e+12  3.06470280e-28
 3.93000000e+01  2.53752429e+07  8.38976000e+12  3.04526120e-28
 3.94000000e+01  2.44406548e+07  8.13268000e+12  3.02581960e-28
 3.95000000e+01  2.35159949e+07  7.87560000e+12  3.00637800e-28
 3.96000000e+01  2.26012630e+07  7.61852000e+12  2.98693640e-28
 3.97000000e+01  2.16964593e+07  7.36144000e+12  2.96749480e-28
 3.98000000e+01  2.10875909e+07  7.20204000e+12  2.94805320e-28
 3.99000000e+01  2.07689995e+07  7.14032000e+12  2.92861160e-28
 4.00000000e+01  2.04527916e+07  7.07860000e+12  2.90917000e-28
 4.01000000e+01  2.01830249e+07  7.01688000e+12  2.89605020e-28
 4.02000000e+01  1.99148667e+07  6.95516000e+12  2.88293040e-28
 4.03000000e+01  1.95003584e+07  6.84153000e+12  2.86981060e-28
 4.04000000e+01  1.89415291e+07  6.67599000e+12  2.85669080e-28
 4.05000000e+01  1.83870140e+07  6.51045000e+12  2.84357100e-28
 4.06000000e+01  1.78368130e+07  6.34491000e+12  2.83045120e-28
 4.07000000e+01  1.72909262e+07  6.17937000e+12  2.81733140e-28
 4.08000000e+01  1.67882063e+07  6.02778000e+12  2.80421160e-28
 4.09000000e+01  1.63281078e+07  5.89014000e+12  2.79109180e-28
 4.10000000e+01  1.58715965e+07  5.75250000e+12  2.77797200e-28
 4.11000000e+01  1.54186722e+07  5.61486000e+12  2.76485220e-28
 4.12000000e+01  1.49693349e+07  5.47722000e+12  2.75173240e-28
 4.13000000e+01  1.42639620e+07  5.24413000e+12  2.73861260e-28
 4.14000000e+01  1.33062848e+07  4.91559000e+12  2.72549280e-28
 4.15000000e+01  1.23571696e+07  4.58705000e+12  2.71237300e-28
 4.16000000e+01  1.14166166e+07  4.25851000e+12  2.69925320e-28
 4.17000000e+01  1.04846258e+07  3.92997000e+12  2.68613340e-28
 4.18000000e+01  1.00244389e+07  3.77592000e+12  2.67301360e-28
 4.19000000e+01  1.00292350e+07  3.79636000e+12  2.65989380e-28
 4.20000000e+01  1.00334984e+07  3.81680000e+12  2.64677400e-28
 4.21000000e+01  1.00372291e+07  3.83724000e+12  2.63365420e-28
 4.22000000e+01  1.00404271e+07  3.85768000e+12  2.62053440e-28
 4.23000000e+01  9.87036070e+06  3.81142000e+12  2.60741460e-28
 4.24000000e+01  9.52963733e+06  3.69846000e+12  2.59429480e-28
 4.25000000e+01  9.19185784e+06  3.58550000e+12  2.58117500e-28
 4.26000000e+01  8.85702221e+06  3.47254000e+12  2.56805520e-28
 4.27000000e+01  8.52513044e+06  3.35958000e+12  2.55493540e-28
 4.28000000e+01  8.12456169e+06  3.21825000e+12  2.54181560e-28
 4.29000000e+01  7.65642498e+06  3.04855000e+12  2.52869580e-28
 4.30000000e+01  7.19271085e+06  2.87885000e+12  2.51557600e-28
 4.31000000e+01  6.73341928e+06  2.70915000e+12  2.50245620e-28
 4.32000000e+01  6.27855030e+06  2.53945000e+12  2.48933640e-28
 4.33000000e+01  5.64226368e+06  2.29418600e+12  2.47621660e-28
 4.34000000e+01  4.82751334e+06  1.97335800e+12  2.46309680e-28
 4.35000000e+01  4.02112415e+06  1.65253000e+12  2.44997700e-28
 4.36000000e+01  3.22309610e+06  1.33170200e+12  2.43685720e-28
 4.37000000e+01  2.43342919e+06  1.01087400e+12  2.42373740e-28
 4.38000000e+01  1.93418434e+06  8.07855000e+11  2.41061760e-28
 4.39000000e+01  1.72075619e+06  7.22645000e+11  2.39749780e-28
 4.40000000e+01  1.50954872e+06  6.37435000e+11  2.38437800e-28
 4.41000000e+01  1.30056191e+06  5.52225000e+11  2.37125820e-28
 4.42000000e+01  1.09379578e+06  4.67015000e+11  2.35813840e-28
 4.43000000e+01  9.14322741e+05  3.92570000e+11  2.34501860e-28
 4.44000000e+01  7.61721984e+05  3.28890000e+11  2.33189880e-28
 4.45000000e+01  6.10780799e+05  2.65210000e+11  2.31877900e-28
 4.46000000e+01  4.61499188e+05  2.01530000e+11  2.30565920e-28
 4.47000000e+01  3.13877150e+05  1.37850000e+11  2.29253940e-28
 4.48000000e+01  2.15998007e+05  9.54090000e+10  2.27941960e-28
 4.49000000e+01  1.67031491e+05  7.42070000e+10  2.26629980e-28
 4.50000000e+01  1.18617522e+05  5.30050000e+10  2.25318000e-28
 4.51000000e+01  7.08638950e+04  3.18030000e+10  2.24347280e-28
 4.52000000e+01  2.35190922e+04  1.06010000e+10  2.23376560e-28
 4.53000000e+01  0.00000000e+00  0.00000000e+00  2.22405840e-28
 4.54000000e+01  0.00000000e+00  0.00000000e+00  2.21435120e-28
 4.55000000e+01  0.00000000e+00  0.00000000e+00  2.20464400e-28
 4.56000000e+01  0.00000000e+00  0.00000000e+00  2.19493680e-28
 4.57000000e+01  0.00000000e+00  0.00000000e+00  2.18522960e-28
 4.58000000e+01  0.00000000e+00  0.00000000e+00  2.17552240e-28
 4.59000000e+01  0.00000000e+00  0.00000000e+00  2.16581520e-28
 4.60000000e+01  0.00000000e+00  0.00000000e+00  2.15610800e-28
 4.61000000e+01  0.00000000e+00  0.00000000e+00  2.14640080e-28
 4.62000000e+01  0.00000000e+00  0.00000000e+00  2.13669360e-28
 4.63000000e+01  0.00000000e+00  0.00000000e+00  2.12698640e-28
 4.64000000e+01  0.00000000e+00  0.00000000e+00  2.11727920e-28
 4.65000000e+01  0.00000000e+00  0.00000000e+00  2.10757200e-28
 4.66000000e+01  0.00000000e+00  0.00000000e+00  2.09786480e-28
 4.67000000e+01  0.00000000e+00  0.00000000e+00  2.08815760e-28
 4.68000000e+01  0.00000000e+00  0.00000000e+00  2.07845040e-28
 4.69000000e+01  0.00000000e+00  0.00000000e+00  2.06874320e-28
 4.70000000e+01  0.00000000e+00  0.00000000e+00  2.05903600e-28
 4.71000000e+01  0.00000000e+00  0.00000000e+00  2.04932880e-28
 4.72000000e+01  0.00000000e+00  0.00000000e+00  2.03962160e-28
 4.73000000e+01  0.00000000e+00  0.00000000e+00  2.02991440e-28
 4.74000000e+01  0.00000000e+00  0.00000000e+00  2.02020720e-28
 4.75000000e+01  0.00000000e+00  0.00000000e+00  2.01050000e-28
 4.76000000e+01  0.00000000e+00  0.00000000e+00  2.00079280e-28
 4.77000000e+01  0.00000000e+00  0.00000000e+00  1.99108560e-28
 4.78000000e+01  0.00000000e+00  0.00000000e+00  1.98137840e-28
 4.79000000e+01  0.00000000e+00  0.00000000e+00  1.97167120e-28
 4.80000000e+01  0.00000000e+00  0.00000000e+00  1.96196400e-28
 4.81000000e+01  0.00000000e+00  0.00000000e+00  1.95225680e-28
 4.82000000e+01  0.00000000e+00  0.00000000e+00  1.94254960e-28
 4.83000000e+01  0.00000000e+00  0.00000000e+00  1.93284240e-28
 4.84000000e+01  0.00000000e+00  0.00000000e+00  1.92313520e-28
 4.85000000e+01  0.00000000e+00  0.00000000e+00  1.91342800e-28
 4.86000000e+01  0.00000000e+00  0.00000000e+00  1.90372080e-28
 4.87000000e+01  0.00000000e+00  0.00000000e+00  1.89401360e-28
 4.88000000e+01  0.00000000e+00  0.00000000e+00  1.88430640e-28
 4.89000000e+01  0.00000000e+00  0.00000000e+00  1.87459920e-28
 4.90000000e+01  0.00000000e+00  0.00000000e+00  1.86489200e-28
 4.91000000e+01  0.00000000e+00  0.00000000e+00  1.85518480e-28
 4.92000000e+01  0.00000000e+00  0.00000000e+00  1.84547760e-28
 4.93000000e+01  0.00000000e+00  0.00000000e+00  1.83577040e-28
 4.94000000e+01  0.00000000e+00  0.00000000e+00  1.82606320e-28
 4.95000000e+01  0.00000000e+00  0.00000000e+00  1.81635600e-28
 4.96000000e+01  0.00000000e+00  0.00000000e+00  1.80664880e-28
 4.97000000e+01  0.00000000e+00  0.00000000e+00  1.79694160e-28
 4.98000000e+01  0.00000000e+00  0.00000000e+00  1.78723440e-28
 4.99000000e+01  0.00000000e+00  0.00000000e+00  1.77752720e-28
 5.00000000e+01  0.00000000e+00  0.00000000e+00  1.76782000e-28
